-0.045034 -1.166390 1.000000
0.000000 0.000000
0.305730 -0.111011 -0.309188 0.100979 0.106009 0.307500
-0.309188 0.100979 0.305730 -0.111011 -0.106009 -0.307500
-0.309188 0.100979 -0.194517 -1.510629 -0.407686 -0.741248
0.305730 -0.111011 0.212490 -1.371588 0.173115 -0.721227
-0.194517 -1.510629 0.199881 -1.498870 0.006462 -1.631546
0.199881 -1.498870 0.212490 -1.371588 0.215784 -1.436179
0.212490 -1.371588 -0.213427 -1.376484 -0.002492 -1.197977
-0.213427 -1.376484 -0.194517 -1.510629 -0.214717 -1.445071
-0.213427 -1.376484 -0.126287 -2.273346 -0.230507 -1.843675
0.199881 -1.498870 0.132660 -2.196446 0.114297 -1.831578
-0.126287 -2.273346 0.132660 -2.196446 0.038582 -2.354083
0.132660 -2.196446 -0.126287 -2.273346 -0.038582 -2.094249
