-1.625885 0.514661 -1.508595 0.286148 -1.601326 0.376081
-1.508595 0.286148 -1.387260 0.251769 -1.447266 0.261617
-1.387260 0.251769 -0.778564 0.102123 -1.069767 0.176946
-0.778564 0.102123 -0.291203 -0.059656 -0.522822 0.022031
-0.291203 -0.059656 0.194136 -0.197169 -0.042292 -0.146943
0.194136 -0.197169 0.317492 -0.213347 0.256825 -0.207280
0.317492 -0.213347 0.438827 -0.239636 0.381459 -0.223580
0.438827 -0.239636 0.681496 -0.350859 0.571033 -0.286379
0.681496 -0.350859 0.798787 -0.470172 0.744186 -0.409505
0.798787 -0.470172 0.812942 -0.591507 0.826402 -0.532001
0.812942 -0.591507 0.766431 -0.652174 0.790698 -0.621840
0.766431 -0.652174 0.748230 -0.712841 0.750000 -0.681720
0.748230 -0.712841 0.851365 -0.781598 0.789787 -0.765580
0.851365 -0.781598 1.096057 -0.811931 0.978131 -0.805059
1.096057 -0.811931 1.217391 -0.779575 1.161585 -0.803274
1.217391 -0.779575 1.338726 -0.718908 1.280081 -0.747219
1.338726 -0.718908 1.571284 -0.540950 1.472876 -0.642539
1.571284 -0.540950 1.611729 -0.480283 1.589484 -0.510617
1.611729 -0.480283 1.650152 -0.419616 1.635453 -0.450843
1.650152 -0.419616 1.724975 -0.298281 1.684264 -0.353382
