-1.804983 3.115391
-1.449386 5.821434
1.308406 6.930736
-1.663992 5.481734
-1.493537 2.532197
-0.354684 6.713415
-1.197980 6.117860
-14.682672 -7.090454
4.284325 0.448459
5.180361 0.872667
7.222095 1.839279
1.794738 -0.730180
5.395781 0.974652
10.714002 3.492445
9.150377 2.752182
7.548331 1.993729
6.408759 1.454224
6.792758 1.636020
4.737369 0.662942
7.502284 1.971928
6.503625 1.499136
2.308964 -0.486731
2.237251 -0.520682
4.991377 0.783197
3.303713 -0.015790
5.949515 1.236806
9.648195 2.987863
3.199003 -0.065362
-4.913223 1.492656
-6.218788 2.360008
-9.200478 4.340895
-8.693641 4.004179
-7.971352 3.524326
-5.990076 2.208063
-5.437045 1.840656
-6.698706 2.678842
-6.325549 2.430935
-9.798815 4.738400
-2.270453 3.237788
-2.519709 3.381485
-13.580377 4.309948
-12.701147 5.323713
-12.923731 5.067075
-6.991382 -5.445127
0.936838 -7.602396
1.071061 -3.534239
-0.096297 -5.876845
1.300308 -3.414176
-0.088631 -5.283663
2.040379 -3.209923
-0.096085 -5.343728
2.669557 -3.223077
0.108533 -6.617357
2.805938 -3.247925
-1.263942 -7.248420
-2.312635 -6.832331
2.141177 -7.525363
-5.759624 -3.514339
2.845062 -7.390958
-2.141911 -6.912435
-4.077896 -5.652908
-5.314091 -4.249530
2.600988 -7.445266
3.985752 0.912174
3.847068 1.233571
3.967033 3.363343
4.020142 3.466083
4.058723 3.534648
5.169163 4.591111
4.934875 4.454919
3.972788 0.937950
4.863410 4.406891
-3.682618 -8.093824
-3.841877 -7.670338
4.951182 -3.075439
7.487023 -4.165780
5.677459 -3.387718
6.869171 -3.900120
3.594305 -2.492021
4.814079 -3.016489
5.696567 -3.395934
6.119323 -3.577707
5.744373 -3.416489
9.054199 -4.839620
7.009068 -3.960272
4.224321 -2.762910
2.964086 -2.221045
0.906512 -1.336347
3.563411 -3.779567
2.547677 -4.737000
1.487497 -7.032003
6.992210 -2.832365
6.492836 -2.815800
5.428205 -2.943073
5.581896 -2.910697
1.445886 -7.288598
7.051471 -2.837547
2.744478 -4.507493
6.050665 -2.841467
6.821875 -2.821282
6.401576 7.115788
4.159803 5.724229
4.850584 6.247355
5.934693 6.893291
2.796193 4.334945
4.963279 6.323789
7.584548 0.793157
9.680235 0.723850
7.410650 0.798908
6.259793 0.836968
6.851198 0.817410
4.683926 0.889084
13.305736 0.603950
6.626588 0.824838
12.882865 0.617935
6.198853 0.838984
4.098847 0.908434
6.220436 0.838270
3.449359 0.929913
6.227398 0.838040
11.693408 0.657272
-2.495785 -2.201084
-6.842635 4.440715
-2.182673 -2.679504
-2.515477 -2.170994
-3.636428 -0.458232
-2.961054 -1.490171
-5.631931 2.590809
-5.131521 1.826206
-6.238400 3.517470
-3.066430 -1.329163
-2.293298 -2.510473
-2.013188 -2.938468
10.258141 -7.098588
-10.863354 0.343615
-10.714951 -2.158500
-10.786949 -0.944607
-10.918225 1.268725
-10.746078 -1.633671
-10.867381 0.411486
-10.600704 -4.084677
-1.455658 -6.462881
-3.222416 0.776201
-2.389679 -2.635840
-2.500548 -2.181568
-2.158450 -3.583272
-2.858622 -0.714401
-2.684811 -1.426570
-1.471417 -6.398311
-3.585508 2.263929
-2.794738 -0.976157
-2.405661 -2.570356
-2.447930 -2.397164
4.544521 -3.876140
6.845831 -4.102665
5.840190 -4.003676
5.611246 -3.981141
2.345087 -3.659644
2.128068 -3.638282
5.382940 -3.958670
7.035539 -4.121338
3.179124 -3.741740
2.736595 -3.698181
-10.197665 4.066844
-12.165333 -0.878312
-11.438884 -0.320411
-10.236824 1.626022
-11.645477 -0.504133
-13.289033 7.202035
-10.152148 3.880837
-10.211075 1.714491
-10.175919 3.982269
-10.825963 0.397346
-11.308130 6.021771
-10.068625 2.469009
-10.864920 5.488910
-10.202676 4.085408
-8.719858 4.422007
-8.712309 4.415783
-12.747947 7.742952
-7.884196 3.733048
-6.009417 2.187393
-5.617141 1.863983
-6.673390 2.734804
-6.366178 2.481524
-10.930745 6.244765
-9.573231 5.125566
0.236180 -5.733510
5.693038 -3.381001
2.787400 -4.633652
-1.684017 -6.561330
5.789813 -3.339280
1.748479 -5.081543
-5.536646 4.171208
-8.712632 4.422984
-10.600090 3.912854
-4.517159 3.782155
-2.941730 2.792758
-10.279899 4.037505
-5.694739 4.216870
-1.314956 0.946512
-10.462694 3.968404
-10.219558 4.059137
-5.454912 6.818125
-5.253797 7.402057
-5.175839 3.078231
-4.456866 1.906008
-5.571939 4.348012
-1.932909 0.143611
-9.413449 -3.307272
-9.220826 -3.477298
-8.330690 -4.262982
-2.622866 -2.586654
-1.196992 -2.887416
0.318437 -3.207068
-1.072245 -2.913729
0.285799 -3.200183
2.327777 -3.630902
2.178702 -3.599457
-3.837129 -2.330527
-2.487934 -2.615116
-2.229024 -2.669727
8.629010 -2.221395
7.541697 0.916855
7.453554 1.171237
8.741805 -2.546944
8.516982 -1.898034
8.456067 -1.722242
6.968532 2.571124
7.450232 1.180842
-12.074997 0.662213
-10.035432 -1.418722
-12.353168 3.736885
-9.570888 -1.618715
-12.425974 3.420687
-11.866693 4.880437
-12.160027 0.852753
-12.315583 1.285819
9.866820 1.246638
8.502608 -2.575539
8.763500 -1.844566
8.946030 -1.333192
-12.427156 0.477543
-10.153157 1.669875
-11.888400 0.760030
-13.336611 0.000686
-9.895000 1.805251
1.448905 2.024426
1.498918 1.626066
1.295839 3.243618
1.240536 3.684109
1.714758 -0.093130
1.409078 2.341655
0.999365 5.605068
1.676742 0.209673
-9.269518 -3.488031
-12.717264 0.841892
-8.603243 2.011082
-8.672783 3.544340
-8.490956 -0.464604
-8.531095 0.420357
-8.493944 -0.398731
1.769255 1.889029
7.423575 0.911086
6.280982 0.909065
6.845456 0.897888
4.639326 1.077813
6.616498 0.899555
2.665559 1.560526
6.535250 0.901087
2.168691 1.733675
6.208280 0.912234
0.059319 2.732097
3.508723 1.315374
6.171218 0.914002
9.438554 1.154351
-3.156741 5.824346
-2.291121 5.715089
-0.358011 6.315150
-3.195796 5.834688
-0.746978 6.085004
-6.554271 -1.892660
-5.127612 -2.732643
-7.647400 0.436898
-7.491992 -0.380088
-7.332830 -0.795100
-6.915998 -1.488477
-4.265157 -2.886660
4.198936 3.466216
6.282957 4.050147
6.617450 4.091799
4.086441 3.417360
5.737867 3.952681
5.409871 3.875892
6.185771 4.035477
2.873765 2.755867
1.849966 1.963109
3.812867 3.290239
4.952987 3.745338
-1.202751 -2.866857
-1.032339 -3.406776
1.626281 -7.145359
-0.064424 -5.319450
4.158342 -8.529754
0.592847 -6.163795
-1.382319 -2.075567
2.399708 -7.694346
6.440995 3.316929
6.675040 3.285066
4.074873 3.466312
6.287021 3.336194
5.729737 3.394726
6.246786 3.341006
2.991339 3.430871
0.712057 3.141196
1.390250 3.258333
3.839652 3.464154
5.015510 3.444298
9.804576 2.548948
7.001122 -2.755036
6.523871 -6.896689
7.078846 -2.080526
6.985585 -2.889862
7.540833 1.928653
6.542788 -6.732536
7.454875 1.182703
6.922757 -3.435100
7.285563 -0.286603
0.269331 -3.202764
5.172778 -1.179500
4.489631 -1.868096
-3.230264 -1.569155
1.958943 -3.106334
6.464670 3.136764
6.449789 1.711089
6.148294 4.462039
4.181832 -2.111919
6.263491 0.849301
6.234230 0.754335
-3.242083 -1.557388
2.869440 -2.835590
-2.126610 -2.424245
6.250720 0.807127
-2.808599 -1.948088
6.704874 2.867107
6.512996 5.555001
6.839901 0.975689
5.585114 -2.924315
7.182723 -2.733326
11.190315 -2.254234
6.037004 -2.870293
6.814653 -2.777328
3.827626 -3.134416
-6.722930 -1.003301
-6.420595 -2.597520
1.833560 -2.957601
2.875808 -2.794250
-1.569464 -3.490960
-2.646936 -0.784119
-0.130815 -1.612799
-4.137765 -0.293117
1.619029 7.082160
1.414676 6.982542
2.547149 7.534607
-2.181554 5.229429
-0.349612 6.122477
-0.495696 6.051262
-3.009184 5.393714
-2.401981 3.621643
-2.237194 3.140726
-3.163824 5.845018
5.371189 -2.019079
5.799532 -3.831634
5.713507 -3.467609
6.493803 -6.769456
4.703106 0.807930
5.307292 -1.748704
1.653935 6.942041
1.730537 5.209046
1.314928 3.832879
8.149820 -1.965415
6.349595 -2.091010
12.991575 0.316839
3.585854 -1.624234
6.702144 -2.092759
5.064590 -1.975994
3.083285 -1.447066
11.723602 -0.622468
-0.302623 7.273232
3.020252 -6.038492
4.873246 -4.567142
3.403151 -5.734454
6.850744 -2.996930
3.364973 -5.764770
2.266270 -3.532310
2.642098 -4.244666
-3.258217 -1.578351
2.649666 -4.262618
-0.139354 -1.615465
-3.136579 -1.539713
2.957310 -6.883503
-8.067457 3.294170
-9.088264 0.849559
-9.470335 -0.065422
-9.432073 0.026201
11.769444 -2.566649
2.828539 -3.101171
3.427276 6.546570
6.242857 3.385774
4.837557 4.963374
-6.212293 1.970582
-12.710423 3.639805
-9.934242 3.853887
-6.780331 2.486617
-10.446080 3.905370
-10.324938 3.896897
-8.026555 0.031698
-8.444963 -0.415452
-3.868372 4.475508
-7.167377 0.949893
-6.074280 2.118076
-9.128935 -1.146407
-1.287675 0.981958
6.613783 0.918622
6.564908 -1.257729
4.852993 4.542334
6.673162 0.302080
3.366958 -5.755445
6.030900 5.798249
4.943863 6.218855
-6.651169 -1.027798
-7.119091 -0.667344
-13.851526 4.518822
-9.785793 1.386886
-11.284763 2.541582
-2.523335 3.374874
-2.410880 6.031495
15.100471 -5.524230
14.422088 -5.582120
-12.589653 5.264486
-10.513650 4.161678
-10.245350 4.019153
-14.304445 1.459908
-7.078156 -0.882038
-9.402272 -0.088658
2.294842 -0.567808
2.645839 1.447309
3.091042 4.003275
2.407275 0.077684
14.867911 -4.880095
-0.635148 1.829782
3.115301 -1.239184
2.890812 -1.055487
1.250633 0.286661
-0.342887 6.025244
6.219782 0.842241
1.524420 2.234908
0.553241 3.373846
3.473310 1.085436
6.223775 0.842871
-6.635167 2.816446
6.218524 0.849894
2.654173 -4.233358
-3.183507 -1.481282
3.145658 -1.042065
3.293450 -0.082427
-2.337952 -2.534100
-11.047459 6.175806
-8.260827 7.822475
-12.086197 -6.375964
-10.409938 3.768226
