-2.220686 4.983332 -3.525851 2.258492 -4.831017 -0.466349
-4.168742 -4.649734 1.324501 -3.406537 6.134447 -0.476403
-3.616220 3.192258 1.511494 4.637166 6.833868 4.405777
-3.105785 5.165161 1.566746 0.547337 7.760456 2.737040
7.273493 -3.734251 10.780943 -1.004048 14.288393 1.726155
-11.366577 4.702928 -7.966780 5.744304 -6.524070 8.994177
-9.089146 6.300031 -3.950010 6.487529 1.050879 7.686270
6.166601 -6.012373 4.173320 -3.763248 2.545864 -1.236764
-13.740185 4.437817 -14.638930 2.935276 -14.547213 1.186860
-3.257633 1.234487 -2.733531 -2.493937 -2.209430 -6.222360
8.936901 -7.094370 5.477063 -1.824502 -0.815508 -2.206000
15.432838 2.094783 14.073437 -3.159594 12.714035 -8.413971
5.890146 -2.039019 8.471899 -4.629448 12.126070 -4.780462
-1.476925 -1.188917 -0.972570 0.632907 0.534891 1.773512
5.399454 -3.039172 4.355241 -1.297144 3.311028 0.444884
-0.039241 8.415844 3.129213 4.073174 6.297667 -0.269497
8.238359 -2.100553 11.283153 -5.309732 14.327946 -8.518911
-2.003057 7.422886 1.873828 5.682825 5.750713 3.942763
3.370075 0.424054 2.307066 -1.164296 1.244057 -2.752647
8.138140 7.415543 10.073247 4.339022 10.822580 0.782602
2.309080 2.075535 -2.290277 -1.667258 -6.889635 -5.410050
-14.033394 -3.156478 -10.951542 -1.305961 -7.358715 -1.188404
-9.315030 8.690065 -5.534833 7.100508 -1.754636 5.510950
-1.825822 6.502410 -0.488337 7.944628 1.313217 7.155161
-8.431557 -3.368502 -5.983068 -6.772068 -2.485576 -4.459732
-4.765274 0.653188 -2.582312 2.170065 -0.399349 3.686942
-0.712128 1.503017 -6.253004 3.559466 -11.986412 4.994152
-13.775248 -2.987557 -13.102018 2.554946 -11.933899 8.014624
9.635019 -1.541130 5.892285 -1.038373 2.684778 -3.031543
10.242189 -0.696957 12.324367 -0.962755 14.406544 -1.228554
8.143078 -7.216718 9.860630 -8.236229 11.840183 -7.970227
-13.031254 -8.447008 -14.460590 -3.149684 -15.889928 2.147639
-4.475716 8.668825 0.320389 8.486912 5.116493 8.304998
-0.115659 -4.546546 4.343482 -2.389104 9.277952 -2.824399
-11.349753 7.405117 -10.079598 2.387867 -4.943665 1.748897
13.662315 -2.627637 9.452968 -4.879381 4.732121 -4.170471
-15.165580 -7.119271 -11.885000 -5.183431 -8.604420 -3.247590
-6.088944 2.003270 -3.241348 0.735212 -0.393752 -0.532846
10.542763 4.446799 11.279919 0.761899 12.017075 -2.923002
-12.514942 7.855377 -10.048583 3.515454 -7.582224 -0.824470
-2.660236 5.463909 -7.353263 4.949083 -12.046289 4.434257
7.635506 -5.768995 3.154362 -8.206831 -0.005809 -4.202207
-5.647894 -5.132940 -10.350257 -1.537867 -15.052620 2.057206
-10.785927 -2.790097 -12.163293 -0.866697 -12.375156 1.489511
1.174217 2.742579 2.176469 -3.558364 8.524185 -4.200930
8.852592 -5.541091 8.052107 -2.263193 8.687870 1.050595
-9.573574 -4.833949 -9.561739 -1.932393 -11.971933 -0.316802
10.982613 4.115773 6.159879 1.729131 0.859943 2.659461
-4.428070 -6.893127 -1.937537 -7.135219 0.552996 -7.377309
-2.819290 -8.396384 -5.845671 -6.657591 -8.872051 -4.918797
3.283092 -0.438036 6.953259 -2.650132 11.231394 -2.897218
4.312864 3.241217 7.385566 -3.165202 1.210140 -6.679149
7.515299 -0.900108 4.478435 -2.942614 1.441570 -4.985119
15.331392 4.025949 12.488974 6.182176 9.646555 8.338402
-6.590533 -1.284727 -1.679945 0.345373 3.230642 1.975472
2.420773 -5.729909 1.480588 -2.597709 0.540403 0.534492
-7.019405 -7.487341 -5.928480 -6.241480 -5.637337 -4.611289
-1.560083 -4.762691 -6.021218 -8.796205 -11.806412 -7.152277
10.393547 -5.566114 12.972292 -4.321951 13.019915 -1.459156
-1.506968 -2.906833 1.937974 -4.457893 5.382917 -6.008954
-7.266778 3.348487 -10.440305 5.624771 -13.428240 3.109819
-15.250876 -8.357918 -13.743055 -4.048807 -12.235234 0.260304
-12.125353 -5.629279 -11.997808 -2.306020 -11.870264 1.017239
8.281513 4.779128 12.671563 2.820475 12.746840 -1.986104
-13.547091 -0.308921 -7.969455 -1.210321 -5.361977 3.802024
-11.148607 2.465569 -7.435955 6.795878 -1.748970 7.235844
-6.373412 5.350348 -9.180506 4.499357 -11.098310 2.279900
13.247278 -4.013358 9.618602 -5.684411 5.958786 -7.286116
-3.016641 -0.610360 -2.798068 3.811144 -6.717833 5.868551
-1.711968 -3.922442 -6.987653 -5.952934 -12.263337 -7.983426
7.517214 -4.472798 9.833238 -6.411615 12.149261 -8.350432
11.507866 3.441578 6.388000 2.985336 1.268135 2.529094
-4.869983 -4.067687 -1.099025 -5.569259 2.671932 -7.070831
-5.439209 -3.327296 -2.580750 -3.273563 0.277710 -3.219830
-6.343984 2.589770 -6.530262 3.795325 -6.716541 5.000880
-2.044257 -3.401709 -1.371083 -1.064933 0.949427 -0.337667
-7.615748 -8.344995 -9.187490 -3.580724 -10.759233 1.183546
-10.292322 1.377783 -11.640814 -2.237676 -12.989305 -5.853134
1.282587 -1.058632 5.950996 -4.154280 10.619406 -7.249927
-14.750252 -5.419730 -12.121317 -0.055621 -9.492383 5.308488
3.640064 4.933996 6.636430 1.003570 11.448017 2.132765
-15.124112 0.798788 -9.592505 2.289987 -4.060897 3.781186
5.132084 1.887384 2.414253 3.954848 0.020498 1.519493
-12.939473 -2.055700 -10.899380 1.501316 -6.912845 0.541169
2.060862 -4.016213 -4.458810 -1.150968 -7.872583 -7.400920
-3.219997 7.472095 -5.657935 5.216495 -8.326406 3.238986
-4.393935 -1.041465 -5.452394 -4.614456 -3.847858 -7.977797
5.764458 7.455259 13.499962 6.519980 13.515665 -1.271843
-1.653437 -1.622583 -3.966080 -3.179044 -4.128239 -5.961955
1.359373 -1.341441 -2.767470 0.629986 -5.163568 4.525633
9.826935 7.663013 8.183476 5.222959 9.995068 2.904994
12.216513 -0.112965 10.141093 3.192711 8.065674 6.498387
-8.899041 -0.462563 -9.759566 3.938711 -12.922750 7.117702
-7.062909 -5.178888 -5.405373 -2.678184 -2.667955 -3.905983
-8.988280 1.172079 -10.685130 -0.412263 -11.836719 -2.428022
-5.531621 -5.957433 -2.732897 -5.925157 -1.814604 -8.569138
-4.521262 2.106359 -5.935644 7.421128 -11.409883 7.950226
-5.122581 -1.579888 -3.136669 -2.841691 -3.610717 -5.146311
-8.511258 1.591727 -4.022370 -1.042912 1.135065 -0.341273
-0.476490 -6.672890 -5.564065 -3.555054 -10.266394 0.118151
