-1.182994 -0.016258 -1.016375 -0.086622 -1.088886 -0.036246
-1.015840 -0.086447 -0.974972 -0.253198 -0.983881 -0.170882
-0.966650 -0.253692 -0.948333 -0.422752 -0.965089 -0.342786
-0.952757 -0.424544 -0.803338 -0.501974 -0.887638 -0.490311
-0.799778 -0.507040 -0.781438 -0.510427 -0.790971 -0.513271
-0.779689 -0.512844 -0.758613 -0.516534 -0.768127 -0.511690
-0.756355 -0.518343 -0.719927 -0.522403 -0.736635 -0.514550
-0.717190 -0.519408 -0.695489 -0.522113 -0.706240 -0.524023
-0.692569 -0.521827 -0.674229 -0.525215 -0.683762 -0.528058
-0.671327 -0.529434 -0.634899 -0.533493 -0.651607 -0.525640
-0.631406 -0.529676 -0.610329 -0.533367 -0.620923 -0.534690
-0.608581 -0.535784 -0.590241 -0.539171 -0.598130 -0.533110
-0.585064 -0.534898 -0.548636 -0.538958 -0.566663 -0.542940
-0.546378 -0.540767 -0.525302 -0.544457 -0.535896 -0.545781
-0.522162 -0.545845 -0.509261 -0.548425 -0.513984 -0.540787
-0.505989 -0.549975 -0.484288 -0.552680 -0.494241 -0.548190
-0.484288 -0.552680 -0.465804 -0.552680 -0.473198 -0.552680
-0.466046 -0.556960 -0.129783 -0.606086 -0.289508 -0.575152
-0.129717 -0.607007 0.041222 -0.662572 -0.037896 -0.627966
0.041554 -0.661925 0.207246 -0.717646 0.125696 -0.697908
0.206340 -0.722170 0.543390 -0.740767 0.381479 -0.745364
0.543554 -0.734996 0.876872 -0.594016 0.732625 -0.696697
0.875224 -0.592217 0.999097 -0.425828 0.949942 -0.512861
1.003157 -0.427563 1.110478 -0.265665 1.052252 -0.338497
