-15.974961 0.440975 -14.959886 -0.557460 -15.442462 -0.041602
-14.959886 -0.557460 -14.277622 -1.622457 -14.539343 -1.075374
-14.277622 -1.622457 -13.512154 -3.785733 -13.817321 -2.729601
-13.512154 -3.785733 -12.230830 -5.865807 -13.062384 -5.012564
-12.230830 -5.865807 -10.067554 -6.830960 -11.137281 -6.448271
-10.067554 -6.830960 -7.887637 -7.197053 -8.942871 -7.104836
-7.887637 -7.197053 -1.397809 -6.731116 -4.509598 -7.030647
-1.397809 -6.731116 2.945384 -6.914163 0.873157 -6.688690
2.945384 -6.914163 5.125300 -7.014006 4.081541 -6.994925
5.125300 -7.014006 7.288576 -6.764398 6.265955 -6.978627
7.288576 -6.764398 9.468493 -5.782604 8.458449 -6.328470
9.468493 -5.782604 11.631768 -4.867372 10.578000 -5.259882
11.631768 -4.867372 13.795046 -3.752452 12.782052 -4.327650
13.795046 -3.752452 15.958321 -2.454486 14.898196 -3.031973
