8
0 2.000000 0 1
4 2.000000 0 1
8 2.000000 0 1
12 2.000000 0 1
16 2.000000 0 1
20 2.000000 0 1
24 2.000000 0 1
28 2.000000 0 1
178
-1.382625 -0.005545
-0.953789 -0.434381
-0.953789 -0.434381
-0.428835 -0.434381
-0.428835 -0.434381
-0.428835 -0.378928
-0.428835 -0.378928
0.184843 -0.378928
0.184843 -0.378928
0.184843 -0.426987
0.184843 -0.426987
0.661737 -0.426987
0.661737 -0.426987
1.046211 -0.042514
1.046211 -0.042514
1.045475 -0.039820
1.048337 -0.039820
1.051198 -0.039820
1.054060 -0.039820
1.056921 -0.039820
1.059783 -0.039820
1.062644 -0.039820
1.065506 -0.042681
1.071229 -0.042681
1.074091 -0.045543
1.076952 -0.048404
1.082675 -0.051266
1.088398 -0.054127
1.094122 -0.056989
1.099845 -0.062712
1.105568 -0.068435
1.111291 -0.071297
1.114153 -0.077020
1.119876 -0.079882
1.119876 -0.082743
1.122737 -0.085605
1.125599 -0.088466
1.131322 -0.091328
1.134184 -0.097051
1.137045 -0.102774
1.139907 -0.105636
1.142768 -0.108497
1.145630 -0.114220
1.145630 -0.119943
1.148491 -0.122805
1.151353 -0.128528
1.154214 -0.134251
1.157076 -0.137113
1.157076 -0.142836
1.159938 -0.148559
1.162799 -0.154282
1.165661 -0.157144
1.168522 -0.162867
1.168522 -0.165728
1.171384 -0.168590
1.174245 -0.177175
1.179969 -0.182898
1.179969 -0.188621
1.182830 -0.194344
1.185692 -0.200067
1.191415 -0.205790
1.191415 -0.208652
1.194276 -0.214375
1.197138 -0.217236
1.199999 -0.222960
1.202861 -0.228683
1.208584 -0.231544
1.211446 -0.240129
1.217169 -0.245852
1.225754 -0.254437
1.228615 -0.260160
1.231477 -0.263021
1.237200 -0.268745
1.242923 -0.274468
1.248646 -0.280191
1.254369 -0.285914
1.257231 -0.288775
1.265815 -0.297360
1.268677 -0.300222
1.274400 -0.303083
1.277262 -0.305945
1.277262 -0.308806
1.280123 -0.311668
1.285846 -0.314530
1.288708 -0.317391
1.288708 -0.320253
1.291569 -0.320253
1.291569 -0.323114
1.294431 -0.323114
